kinematics:
  shoulder:
    x: 0
    y: 0
    z: 0.1808791386365085
    roll: -0
    pitch: 0
    yaw: -6.115345125053202e-07
  upper_arm:
    x: 1.56509037241545e-05
    y: 0
    z: 0
    roll: 1.570405362813817
    pitch: 0
    yaw: -4.625882090781128e-07
  forearm:
    x: -0.6122520938713291
    y: 0
    z: 0
    roll: 0.001239386213890429
    pitch: 2.736574672017595e-05
    yaw: -6.9761259788877e-06
  wrist_1:
    x: -0.5715248123760582
    y: 0.001343729695644298
    z: 0.1739361448171097
    roll: 3.133867387712435
    pitch: -3.140795076957243
    yaw: 3.141590014759822
  wrist_2:
    x: -2.741876617205256e-05
    y: -0.1198447218306698
    z: 6.23322470305566e-05
    roll: 1.570276218437533
    pitch: 0
    yaw: -1.157687420223069e-06
  wrist_3:
    x: 7.348063370510839e-05
    y: 0.1155247833441058
    z: -1.565515312090347e-06
    roll: 1.570782775457541
    pitch: 3.141592653589793
    yaw: -3.141592576561125
  hash: calib_7955481908848456910